0 0.1222328973
1 0.1137125022
2 0.1177271949
3 0.1170041202
4 0.1072775709
5 0.1071901588
6 0.1071946081
7 0.1017101058
8 0.0995246110
9 0.0997177448
10 0.0975461049
11 0.0948676051
12 0.0940425887
13 0.0932537039
14 0.0910667948
15 0.0890280641
16 0.0876650445
17 0.0860391703
18 0.0834243555
19 0.0806886062
20 0.0781432777
21 0.0749733195
22 0.0707304304
23 0.0661765569
24 0.0613659817
25 0.0553738108
26 0.0484966457
27 0.0413115957
28 0.0333832160
29 0.0253482921
30 0.0182951650
31 0.0123890858
32 0.0079233339
33 0.0048822187
34 0.0028853237
35 0.0016250020
36 0.0008714833
37 0.0004410168
38 0.0002057297
39 0.0000837649
