0 0.1414769117
1 0.1215962218
2 0.1485120320
3 0.1483097621
4 0.1184438402
5 0.1254851633
6 0.1226419184
7 0.1018889358
8 0.1050778678
9 0.1056518030
10 0.0955961602
11 0.0933311768
12 0.0937139494
13 0.0910145441
14 0.0850939570
15 0.0829940133
16 0.0815307105
17 0.0781412435
18 0.0738519249
19 0.0703529317
20 0.0675373642
21 0.0639451078
22 0.0592331255
23 0.0542960980
24 0.0497823564
25 0.0445307430
26 0.0375806228
27 0.0301065498
28 0.0234843678
29 0.0171272247
30 0.0117871485
31 0.0080312437
32 0.0052683270
33 0.0032325509
34 0.0019048571
35 0.0010783513
36 0.0005912556
37 0.0003196188
38 0.0001672525
39 0.0000832575
