0 0.1210775201
1 0.1259171491
2 0.1198089555
3 0.1124500520
4 0.1163017368
5 0.1116370829
6 0.1036264585
7 0.1048075050
8 0.1020412274
9 0.0958730569
10 0.0947771627
11 0.0934131796
12 0.0891671427
13 0.0862212727
14 0.0843821284
15 0.0817822974
16 0.0781296419
17 0.0750878232
18 0.0725115267
19 0.0695013004
20 0.0658221754
21 0.0622762549
22 0.0590823079
23 0.0554127415
24 0.0510268069
25 0.0466379909
26 0.0423719179
27 0.0375345043
28 0.0324681025
29 0.0276153428
30 0.0226227943
31 0.0177496493
32 0.0135459067
33 0.0100329842
34 0.0071771096
35 0.0050578521
36 0.0035367617
37 0.0024260734
38 0.0016348811
39 0.0010886634
40 0.0007182869
41 0.0004688118
42 0.0003023793
43 0.0001930010
44 0.0001220922
45 0.0000766436
