0 0.1343612012
1 0.1738268678
2 0.1866226937
3 0.1769848817
4 0.1323619418
5 0.1811243401
6 0.1967883976
7 0.1972388758
8 0.1928816756
9 0.1774792045
10 0.1298790827
11 0.1271695894
12 0.1344443082
13 0.1190818488
14 0.0887027560
15 0.1046404862
16 0.1049173902
17 0.0967580765
18 0.0976807840
19 0.0918675514
20 0.0834820984
21 0.0863174698
22 0.0831949170
23 0.0814856931
24 0.0812704418
25 0.0764799185
26 0.0740970900
27 0.0712716340
28 0.0685981054
29 0.0669421188
30 0.0627633990
31 0.0583781632
32 0.0539133067
33 0.0495424795
34 0.0450206867
35 0.0390400279
36 0.0324898307
37 0.0257379381
38 0.0197788664
39 0.0144268602
40 0.0097889896
41 0.0063885725
42 0.0040876235
43 0.0026115289
44 0.0016439834
45 0.0010030478
46 0.0006014124
47 0.0003572938
48 0.0002060091
49 0.0001123993
50 0.0000578173
