0 0.1242238869
1 0.1682937520
2 0.1596768500
3 0.1203126094
4 0.1252335730
5 0.1549478948
6 0.1537649994
7 0.1087307191
8 0.1136201347
9 0.1232164457
10 0.1230567621
11 0.0992117809
12 0.0946153596
13 0.1002198210
14 0.0886648940
15 0.0843151860
16 0.0809419491
17 0.0810693916
18 0.0731756333
19 0.0683012959
20 0.0628779117
21 0.0599371576
22 0.0532243853
23 0.0458392807
24 0.0386450820
25 0.0338554456
26 0.0272194272
27 0.0200014664
28 0.0141194413
29 0.0102775272
30 0.0068900097
31 0.0043223729
32 0.0027248913
33 0.0016732033
34 0.0010198283
35 0.0005784500
36 0.0003031595
37 0.0001604693
38 0.0000830082
