0 0.1355384134
1 0.1186792876
2 0.1342269097
3 0.1330086746
4 0.1154311172
5 0.1289775328
6 0.1278261634
7 0.1084146700
8 0.1119232700
9 0.1115172071
10 0.0974545337
11 0.0973820924
12 0.0992308834
13 0.0950582378
14 0.0904600659
15 0.0904269959
16 0.0902042758
17 0.0877197857
18 0.0844574826
19 0.0831508074
20 0.0816314284
21 0.0794336757
22 0.0758737469
23 0.0725564330
24 0.0690904785
25 0.0652839404
26 0.0601893710
27 0.0542200691
28 0.0478699556
29 0.0413600553
30 0.0341341348
31 0.0266426447
32 0.0198691652
33 0.0142707517
34 0.0097692667
35 0.0063952963
36 0.0040736499
37 0.0025472814
38 0.0015715509
39 0.0009544458
40 0.0005677656
41 0.0003310452
42 0.0001897504
43 0.0001068479
44 0.0000590624
