0 0.1365569484
1 0.1408522941
2 0.1383587747
3 0.1280549848
4 0.1268351090
5 0.1238571419
6 0.1160349016
7 0.1119469226
8 0.1088950352
9 0.1033897471
10 0.0994524545
11 0.0967456493
12 0.0927955495
13 0.0890619813
14 0.0860179784
15 0.0825276619
16 0.0786494212
17 0.0749539746
18 0.0712987534
19 0.0674340198
20 0.0632965834
21 0.0589356678
22 0.0542798877
23 0.0489967325
24 0.0428100230
25 0.0358475863
26 0.0284261064
27 0.0209766346
28 0.0144278287
29 0.0094906923
30 0.0060782117
31 0.0038218112
32 0.0023542993
33 0.0013984209
34 0.0007884702
35 0.0004164179
36 0.0002018511
37 0.0000859852
