0 0.1526144961
1 0.1168750881
2 0.1340681324
3 0.1266796715
4 0.1150125549
5 0.1206243822
6 0.1163142889
7 0.1082906429
8 0.1079891425
9 0.1072231962
10 0.1016728633
11 0.0985240264
12 0.0980653965
13 0.0955482767
14 0.0918478166
15 0.0900414454
16 0.0885138660
17 0.0859967051
18 0.0831076885
19 0.0808309782
20 0.0785551741
21 0.0758138708
22 0.0726766821
23 0.0695467469
24 0.0664111444
25 0.0630919126
26 0.0594062161
27 0.0555291114
28 0.0516483406
29 0.0476853002
30 0.0433879444
31 0.0388200171
32 0.0342257842
33 0.0296735785
34 0.0251096834
35 0.0206743021
36 0.0165793349
37 0.0129439042
38 0.0098493791
39 0.0073492233
40 0.0054145750
41 0.0039548716
42 0.0028669207
43 0.0020645583
44 0.0014822250
45 0.0010660386
46 0.0007708702
47 0.0005613466
48 0.0004116668
49 0.0003039557
50 0.0002260409
51 0.0001694780
52 0.0001282648
53 0.0000980970
