0 0.1684777144
1 0.1279452411
2 0.1832655967
3 0.1799966944
4 0.1191585551
5 0.1605156826
6 0.1481548337
7 0.1081688516
8 0.1115219880
9 0.1283268378
10 0.1134402492
11 0.1010943816
12 0.1031238717
13 0.1053495432
14 0.0972025303
15 0.0925355845
16 0.0943467271
17 0.0943302399
18 0.0919211628
19 0.0878066237
20 0.0878918814
21 0.0871827237
22 0.0863064758
23 0.0836115245
24 0.0815575724
25 0.0801223032
26 0.0786009359
27 0.0765903967
28 0.0737239701
29 0.0710625388
30 0.0683905728
31 0.0656410874
32 0.0621367075
33 0.0580659710
34 0.0537533085
35 0.0493125233
36 0.0444064765
37 0.0387998323
38 0.0328965996
39 0.0271385381
40 0.0215560794
41 0.0162523946
42 0.0117158877
43 0.0081447230
44 0.0054642368
45 0.0035365521
46 0.0022241035
47 0.0013677409
48 0.0008244886
49 0.0004886572
50 0.0002850433
51 0.0001632039
52 0.0000914592
